-500 100 800
-500 100 1000
-500 -100 800
-500 -100 1000
-300 100 800
-300 100 1000
-300 -100 800
-300 -100 1000
0 1
0 2
0 4
3 2
3 1
3 7
6 2
6 7
6 4
5 7
5 1
5 4

500 100 800
500 100 1000
500 -100 800
500 -100 1000
300 100 800
300 100 1000
300 -100 800
300 -100 1000
8 9
8 10
8 12
11 10
11 9
11 15
14 10
14 15
14 12
13 15
13 9
13 12

-500 100 400
-500 100 600
-500 -100 400
-500 -100 600
-300 100 400
-300 100 600
-300 -100 400
-300 -100 600
16 17
16 18
16 20
19 18
19 17
19 23
22 18
22 23
22 20
21 23
21 17
21 20

500 100 400
500 100 600
500 -100 400
500 -100 600
300 100 400
300 100 600
300 -100 400
300 -100 600
24 25
24 26
24 28
27 26
27 25
27 31
30 26
30 31
30 28
29 31
29 25
29 28
