p 150 1000 -400
p -150 1000 -400
p -150 2500 -400
p 150 2500 -400
p 650 1600 -400
p -650 1600 -400
p -650 1900 -400
p 650 1900 -400
p -650 1000 -400
p -200 1000 -400
p -200 1550 -400
p -650 1550 -400
p -650 1000 0
p -200 1000 0
p -200 1550 0
p -650 1550 0
p -650 1000 -400
p -650 1000 0
p -200 1000 0
p -200 1000 -400
p -650 1000 -400
p -650 1550 -400
p -650 1550 0
p -650 1000 0
p -200 1550 -400
p -200 1550 0
p -200 1000 0
p -200 1000 -400
p -200 1550 -400
p -200 1550 0
p -650 1550 0
p -650 1550 -400
p -650 1950 -400
p -200 1950 -400
p -200 2500 -400
p -650 2500 -400
p -650 1950 0
p -200 1950 0
p -200 2500 0
p -650 2500 0
p -650 1950 -400
p -650 1950 0
p -200 1950 0
p -200 1950 -400
p -650 1950 -400
p -650 2500 -400
p -650 2500 0
p -650 1950 0
p -200 2500 -400
p -200 2500 0
p -200 1950 0
p -200 1950 -400
p -200 2500 -400
p -200 2500 0
p -650 2500 0
p -650 2500 -400
p 650 1950 -400
p 200 1950 -400
p 200 2500 -400
p 650 2500 -400
p 650 1950 0
p 200 1950 0
p 200 2500 0
p 650 2500 0
p 650 1950 -400
p 650 1950 0
p 200 1950 0
p 200 1950 -400
p 650 1950 -400
p 650 2500 -400
p 650 2500 0
p 650 1950 0
p 200 2500 -400
p 200 2500 0
p 200 1950 0
p 200 1950 -400
p 200 2500 -400
p 200 2500 0
p 650 2500 0
p 650 2500 -400
p 650 1000 -400
p 200 1000 -400
p 200 1550 -400
p 650 1550 -400
p 650 1000 0
p 200 1000 0
p 200 1550 0
p 650 1550 0
p 650 1000 -400
p 650 1000 0
p 200 1000 0
p 200 1000 -400
p 650 1000 -400
p 650 1550 -400
p 650 1550 0
p 650 1000 0
p 200 1550 -400
p 200 1550 0
p 200 1000 0
p 200 1000 -400
p 200 1550 -400
p 200 1550 0
p 650 1550 0
p 650 1550 -400

c 58 204 127
i 0 1 2 3
c 93 243 125
i 4 5 6 7
c 219 171 210
i 8 9 10 11
c 72 242 184
i 12 13 14 15
c 120 112 106
i 16 17 18 19
c 212 183 55
i 20 21 22 23
c 29 43 152
i 24 25 26 27
c 17 59 23
i 28 29 30 31
c 216 148 202
i 32 33 34 35
c 82 230 127
i 36 37 38 39
c 103 95 218
i 40 41 42 43
c 89 81 18
i 44 45 46 47
c 223 137 232
i 48 49 50 51
c 200 235 12
i 52 53 54 55
c 141 254 128
i 56 57 58 59
c 208 116 5
i 60 61 62 63
c 114 100 95
i 64 65 66 67
c 12 159 137
i 68 69 70 71
c 75 221 183
i 72 73 74 75
c 189 185 47
i 76 77 78 79
c 211 166 34
i 80 81 82 83
c 238 189 91
i 84 85 86 87
c 122 147 125
i 88 89 90 91
c 156 137 189
i 92 93 94 95
c 150 190 210
i 96 97 98 99
c 122 231 230
i 100 101 102 103

