p 500 100 800
p 500 100 1000
p 500 -100 800
p 500 -100 1000
p 300 100 800
p 300 100 1000
p 300 -100 800
p 300 -100 1000
c 255 255 0
i 4 5 7 6
c 255 0 0
i 0 1 3 2
c 0 0 255
i 0 1 5 4
c 0 255 255
i 2 3 7 6
c 0 255 0
i 1 3 7 5
c 255 0 255
i 0 2 6 4

p -500 100 400
p -500 100 600
p -500 -300 400
p -500 -300 600
p -300 100 400
p -300 100 600
p -300 -300 400
p -300 -300 600
c 255 255 0
i 12 13 15 14
c 255 0 0
i 8 9 11 10
c 0 0 255
i 8 9 13 12
c 0 255 255
i 10 11 15 14
c 0 255 0
i 9 11 15 13
c 255 0 255
i 8 10 14 12

p -500 100 800
p -500 100 1000
p -500 -100 800
p -500 -100 1000
p -300 100 800
p -300 100 1000
p -300 -100 800
p -300 -100 1000
c 255 255 0
i 20 21 23 22
c 255 0 0
i 16 17 19 18
c 0 0 255
i 16 17 21 20
c 0 255 255
i 18 19 23 22
c 0 255 0
i 17 19 23 21
c 255 0 255
i 16 18 22 20

p 400 -100 500
p 500 -100 600
p 500 100 400
p 500 100 600
p 300 -100 400
p 300 -100 600
p 300 100 400
p 300 100 600
c 255 0 0
i 24 27 26
c 0 255 0
i 27 24 31
c 0 0 255
i 24 30 31
c 0 255 255
i 24 26 30
c 255 255 0
i 30 31 27 26
